66740
1800
1551152
815094
1467373
718877
796343
2488
1158449
874761
4977
1090872
2969
1086222
766421
915913
1035443
899866
1097149
1579241
1578845
1101215
352541
899051
1652044
1652044
764180
1018724
1748790
1002910
6201
4904
4962
5272
732717
1053507
1410636
820027
1140859
1037868
318154
820313
6281
1013462
1156039
315293
91142
6769
922864
320193
6951
1521332
7084
4281
1596532
354190
1267238
731802
769397
8670
866787
915912
8818
1701605
9389
70858
1390777
10456
10795
1067983
764478
875045
1364742
12927
1075531
908255
1037540
885725
14272
1730168
1383312
14693
1043277
858470
813672
16732
927628
1530721
721371
1170010
815097
18230
1374310
1138118
1402057
1306830
1071739
1130310
18926
804753
1324404
316709
1091667
93410
1058090
896159
313927
701221
1168054
20286
723254
858877
831001
759944
877890
21076
1156375
811156
21344
1058290
21665
1166691
28412
23217
1358071
1163165
1047862
16918
711404
900075
24741
1755672
909832
1024305
1051470
277948
26172
64803
882184
313616
940944
927066
315189
27904
818479
1090012
1539838
1297996
1393612
1437107
1437107
1001082
29534
935703
715957
29905
1751788
936340
1326160
783280
1666700
1688568
1015780
915389
1551182
1065088
31462
827052
1099800
712515
32604
65984
821189
33185
1101239
906107
920522
1001250
1711269
72741
1095073
1109357
1324424
746515
1289490
34088
1048695
1326801
815556
34903
1048911
1136893
35527
1031296
1132979
798354
1175454
354908
30625
37785
37996
1262039
1659166
1519751
1308161
1308161
38777
831259
39911
1121788
749251
40533
40545
40704
1467858
40987
882095
320335
1123360
886982
277135
12659
45012
1359841
793952
874766
46080
860730
765880
46765
1000228
47111
4447
1645590
1585689
48039
859737
354950
773840
48465
1070750
47217
49071
49196
1501585
832101
874716
1598014
49826
1110803
1466258
50863
1571949
51143
879169
51434
51644
51253
896878
1035267
914208
1111928
1478242
1020569
779152
52988
728535
91419
200406
833444
19617
1043604
54480
55067
91576
1601046
55785
879101
1506307
319201
885639
1637459
56873
701985
202058
920148
707549
1679273
1300514
58492
1336920
920760
59478
59558
1707925
1335258
1065696
936468
60086
60667
1489393
36270
794367
101778
1510295
1278021
1048286
62709
916076
62996
1141391
63754
743316
63908
927653
1613103
310158
1099219
1037646
789570
827054
723125
789019
912595
851968
24545
1103982
865752
1059556
895421
1285785
68505
1408198
1623613
1120193
1021860
1002047
1065280
814453
1164727
1564708
1564708
753308
1492633
320187
1111711
72207
72333
702165
73124
1133421
849399
1513761
1013871
73309
1045810
906163
898173
797468
878927
29989
1039684
1341439
75362
75677
76334
723531
1590955
1633917
77360
1378946
77476
31791
1585364
78003
1413329
1534701
764622
1038357
713676
79879
922224
1126328
80424
80661
1045609
1137774
788784
1393311
822416
78239
1604778
1050915
804328
1022079
1037038
720005
1047122
726728
910606
872589
1281761
1060391
943819
315213
1024478
84839
882835
745732
884887
64040
1108524
1034054
87347
1137789
1012100
1032208
1373715
89800
1063761
4127
1040971
91440
92122
92380
93556
829224
93751
1757898
310764
719739
1601712
883241
96021
1283699
1113169
946581
1116132
27419
1385157
1681459
96943
97476
217346
97745
98246
109198
916365
1260221
86312
92230
1418091
100493
74208
1403568
36104
1336917
1336917
100885
100517
731766
1090727
1067701
101829
352915
5513
103379
1035002
203527
740260
1014473
1442145
732712
875320
1339947
1403161
899689
1396009
11544
943452
104169
1618921
1001039
823768
1000697
783325
72971
766704
106040
1365135
1636023
106535
106640
107263
1140536
1174922
72903
108772
743988
1524472
1041061
877212
1136869
109380
1555280